100 400
657 951
637 591
951 799
871 959
692 635
794 351
465 738
44 640
46 87
799 863
774 810
324 922
909 471
738 273
273 748
697 50
59 293
243 59
75 726
583 814
928 874
105 351
959 572
50 871
944 490
774 388
526 715
512 799
46 681
190 490
388 681
351 901
550 692
799 697
944 512
241 681
105 640
415 190
944 928
406 901
637 667
726 285
490 233
9 814
951 415
9 105
50 581
190 753
657 351
416 427
550 810
366 388
538 836
416 471
243 351
631 145
229 951
395 581
388 874
405 105
657 351
726 366
538 747
351 225
774 624
572 673
944 692
794 471
233 46
490 190
427 799
50 490
814 69
624 243
738 550
87 799
145 405
810 794
836 643
863 50
909 922
395 549
799 388
52 157
928 697
490 667
944 46
637 810
351 498
145 901
922 591
351 229
50 643
267 901
145 538
799 747
836 747
657 238
556 810
512 388
550 69
640 959
692 267
643 538
490 549
697 922
556 726
273 681
50 818
395 774
550 818
814 44
681 229
657 273
774 643
241 550
836 243
267 556
928 549
216 928
581 87
900 416
405 909
69 526
673 225
862 46
951 928
863 681
909 951
951 909
774 814
526 836
216 583
366 526
105 572
556 229
673 583
238 105
901 774
238 243
225 473
874 624
713 643
572 556
951 490
44 105
406 157
581 490
324 498
823 643
928 267
157 69
901 635
681 473
556 471
823 388
874 572
406 229
405 871
637 585
105 748
145 951
416 774
667 50
738 585
667 637
794 738
9 6
69 233
768 190
909 46
512 900
799 874
415 635
748 230
818 715
753 229
490 624
473 631
512 715
44 351
673 490
901 991
473 818
512 395
105 794
62 583
233 863
75 774
635 46
388 6
799 635
748 416
471 814
657 810
863 52
498 581
490 713
388 572
874 871
526 768
591 6
490 59
549 415
59 637
583 46
991 512
230 643
273 673
241 50
900 416
225 351
490 635
388 216
6 753
351 229
105 900
874 230
768 818
818 631
415 50
52 50
871 50
635 406
395 871
9 753
753 471
233 293
388 388
768 583
273 406
145 267
951 243
229 715
324 69
512 631
471 823
512 572
145 922
871 643
747 585
416 871
243 951
836 6
538 657
427 44
59 9
59 581
667 747
667 991
692 768
585 44
46 818
69 473
105 366
190 216
512 225
225 395
75 405
267 69
216 512
715 512
225 465
366 75
738 928
52 901
105 799
62 351
768 427
9 944
241 944
585 951
909 498
581 726
427 810
922 465
673 388
473 951
900 351
738 631
351 538
9 697
799 59
583 243
991 900
637 748
243 46
230 238
465 549
230 145
726 190
225 490
512 631
490 285
105 697
157 794
388 415
681 471
667 909
427 657
69 502
863 502
50 52
640 526
293 105
405 738
406 550
697 351
416 406
550 863
863 909
157 388
388 753
293 583
415 581
624 293
823 216
62 324
395 951
768 243
871 6
62 556
768 46
823 874
862 388
944 823
862 243
836 59
572 959
62 502
405 959
105 637
774 900
229 951
471 406
46 6
267 814
87 230
490 416
351 549
229 909
229 59
631 44
591 388
991 273
366 909
490 490
928 52
900 713
502 550
225 59
351 498
713 738
692 285
549 416
774 874
585 550
657 44
635 229
667 145
69 591
747 105
190 388
581 145
863 823
105 225
643 748
635 229
794 823
862 635
774 862
427 145
59 928
738 991
87 713
512 585
624 836
637 526
715 62
538 572
388 145
799 753
105 814
9 928
657 637
388 657
416 50
692 498
951 190
673 713
216 951
591 640
498 768
863 273
44 405
823 667
225 105
473 794
959 366
52 473
